Parameters:
 [ 3.55791139e+02 -1.65034735e-05  1.16283365e-04  4.59414163e-03
  4.65162374e-03  5.75768232e-15]
Cov:
 [[ 1.13170985e-03 -4.50387548e-13  4.25370667e-13 -8.14985166e-09
  -8.32384634e-09  5.72938469e-09]
 [-4.50387548e-13  1.83076624e-13 -2.30254609e-18  2.11344196e-17
  -6.20101379e-18  1.13215818e-13]
 [ 4.25370667e-13 -2.30254609e-18  1.88190604e-13  7.65783626e-18
  -2.21686730e-17 -8.70303448e-14]
 [-8.14985166e-09  2.11344196e-17  7.65783626e-18  2.12010964e-13
   7.94521114e-15 -1.33724789e-13]
 [-8.32384634e-09 -6.20101379e-18 -2.21686730e-17  7.94521114e-15
   2.19883951e-13 -6.79123163e-14]
 [ 5.72938469e-09  1.13215818e-13 -8.70303448e-14 -1.33724789e-13
  -6.79123163e-14  3.14609882e-05]]

