Parameters:
 [ 2.82550743e+02  3.72231731e-04 -1.40283161e-04  5.71147314e-03
  5.05903163e-03  6.44730495e-02]
Cov:
 [[ 1.56376679e-03 -3.67530116e-12 -2.22740283e-12 -2.16382607e-08
  -1.68466160e-08  2.82669298e-09]
 [-3.67530116e-12  6.38912282e-13 -1.05123277e-14  2.38808593e-16
   2.78345293e-18 -1.09162577e-13]
 [-2.22740283e-12 -1.05123277e-14  4.76435591e-13  4.16543021e-17
   8.08180504e-17 -1.57913647e-14]
 [-2.16382607e-08  2.38808593e-16  4.16543021e-17  9.48633414e-13
   5.55870662e-14 -5.96802823e-14]
 [-1.68466160e-08  2.78345293e-18  8.08180504e-17  5.55870662e-14
   6.16829261e-13 -9.95412867e-14]
 [ 2.82669298e-09 -1.09162577e-13 -1.57913647e-14 -5.96802823e-14
  -9.95412867e-14  8.27702301e-07]]

